0000000000000000000100001
0001000000000000001000001
0000000000000000001100011
0000000000000000010000100
0000000000000000010100101
0000000000000000011000110
0000000000000000011100111
0000000000000000100001000
1000000011000100000101001
1000100011000100000101010
1001000011000100000101011
1001100011000100000101100
1010000011000100000101101
1010100011000100000101110
1011000011000100000101111
1011100011000100000110000
1100000001001010000110001
1100000010000100000110010
1100000011000000000110011
1100000100000100000110100
1100000101000100000110101
1100000110000000000110110
1100000111000100000110111
1100001000000100000111000
1100001001000100000111001
1100001010011000000111010
1100001011000100000111011
1100001100000000000111100
1100001101000100000111101
1100001110000100000111110
1100001111000100000111111
1100000000000000000000000
