Cycle |   PC   |        Instruction       | Fwd1  Fwd2  Fwd3 |            ALU Result            |          WriteBack Data          | WE
-------------------------------------------------------------------------------------------------------------------------------------------------
    0 |     00 | 0000000000000000000000000 | 0     0      1    | 00000000000000000000000000000000 | 00000000000000000000000000000000 |  0 
    1 |     01 | 0000000000000000000100001 | 0     0      1    | 00000000000000000000000000000000 | 00000000000000000000000000000000 |  0 
    2 |     02 | 0001000000000000001000001 | 0     0      1    | 00000000000000000000000000000001 | 00000000000000000000000000000000 |  1 
    3 |     03 | 0000000000000000001100011 | 0     1      0    | 00000000000000000000000000020001 | 00000000000000000000000000000001 |  1 
    4 |     04 | 0000000000000000010000100 | 0     0      0    | 00000000000000000000000000000003 | 00000000000000000000000000020001 |  1 
    5 |     05 | 0000000000000000010100101 | 0     0      0    | 00000000000000000000000000000004 | 00000000000000000000000000000003 |  1 
    6 |     06 | 0000000000000000011000110 | 0     0      0    | 00000000000000000000000000000005 | 00000000000000000000000000000004 |  1 
    7 |     07 | 0000000000000000011100111 | 0     0      0    | 00000000000000000000000000000006 | 00000000000000000000000000000005 |  1 
    8 |     08 | 0000000000000000100001000 | 0     0      0    | 00000000000000000000000000000007 | 00000000000000000000000000000006 |  1 
    9 |     09 | 1000000011000100000101001 | 0     0      0    | 00000000000000000000000000000008 | 00000000000000000000000000000007 |  1 
   10 |     0A | 1000100011000100000101010 | 0     0      0    | 00000000000000000000000000020001 | 00000000000000000000000000000008 |  1 
   11 |     0B | 1001000011000100000101011 | 0     0      0    | 00000000000000000000000000020001 | 00000000000000000000000000020001 |  1 
   12 |     0C | 1001100011000100000101100 | 0     0      0    | 00000000000000000000000000020001 | 00000000000000000000000000020001 |  1 
   13 |     0D | 1010000011000100000101101 | 0     0      0    | 00000000000000000000000000020001 | 00000000000000000000000000020001 |  1 
   14 |     0E | 1010100011000100000101110 | 0     0      0    | 00000000000000000000000000020001 | 00000000000000000000000000020001 |  1 
   15 |     0F | 1011000011000100000101111 | 0     0      0    | 00000000000000000000000000020001 | 00000000000000000000000000020001 |  1 
   16 |     10 | 1011100011000100000110000 | 0     0      0    | 00000000000000000000000000020001 | 00000000000000000000000000020001 |  1 
   17 |     11 | 1100000001001010000110001 | 0     0      0    | 00000000000000000000000000020001 | 00000000000000000000000000020001 |  1 
   18 |     12 | 1100000010000100000110010 | 0     0      0    | 00000000000000000000000000000000 | 00000000000000000000000000020001 |  1 
   19 |     13 | 1100000011000000000110011 | 0     0      0    | 00000000000000000000000000020001 | 00000000000000000000000000000000 |  1 
   20 |     14 | 1100000100000100000110100 | 0     0      0    | 00000000000000000000000000010001 | 00000000000000000000000000020001 |  1 
   21 |     15 | 1100000101000100000110101 | 0     0      0    | 00000000000000000000000000020001 | 00000000000000000000000000010001 |  1 
   22 |     16 | 1100000110000000000110110 | 0     0      0    | 00000000000000000000000000020001 | 00000000000000000000000000020001 |  1 
   23 |     17 | 1100000111000100000110111 | 0     0      0    | 00000000000000000000000000000000 | 00000000000000000000000000020001 |  1 
   24 |     18 | 1100001000000100000111000 | 0     0      0    | 00000000000000000000000000020001 | 00000000000000000000000000000000 |  1 
   25 |     19 | 1100001001000100000111001 | 0     0      0    | 00000000000000000000000000000000 | 00000000000000000000000000020001 |  1 
   26 |     1A | 1100001010011000000111010 | 0     0      0    | 00000000000000000000000000000000 | 00000000000000000000000000000000 |  1 
   27 |     1B | 1100001011000100000111011 | 0     0      0    | 0000000000000000000000000000000C | 00000000000000000000000000000000 |  1 
   28 |     1C | 1100001100000000000111100 | 0     0      0    | 00000000000000000000000000000000 | 0000000000000000000000000000000C |  1 
   29 |     1D | 1100001101000100000111101 | 0     0      0    | 0000002000000020000000200000000E | 00000000000000000000000000000000 |  1 
   30 |     1E | 1100001110000100000111110 | 0     0      0    | 00000000000000000000000000020001 | 0000002000000020000000200000000E |  1 
   31 |     1F | 1100001111000100000111111 | 0     0      0    | 000000000000000000000000FFFDFFFF | 00000000000000000000000000020001 |  1 
   32 |     20 | 1100000000000000000000000 | 0     0      0    | 000000000000000000000000FFFEFFFF | 000000000000000000000000FFFDFFFF |  1 
   33 |     21 | 0000000000000000000000000 | 0     0      0    | 00000000000000000000000000000000 | 000000000000000000000000FFFEFFFF |  1 
   34 |     22 | 0000000000000000000000000 | 0     0      1    | 00000000000000000000000000000000 | 00000000000000000000000000000000 |  0 
   35 |     23 | 0000000000000000000000000 | 0     0      1    | 00000000000000000000000000000000 | 00000000000000000000000000000000 |  1 
   36 |     24 | 0000000000000000000000000 | 0     0      1    | 00000000000000000000000000000000 | 00000000000000000000000000000000 |  1 
   37 |     25 | 0000000000000000000000000 | 0     0      1    | 00000000000000000000000000000000 | 00000000000000000000000000000000 |  1 
   38 |     26 | 0000000000000000000000000 | 0     0      1    | 00000000000000000000000000000000 | 00000000000000000000000000000000 |  1 
   39 |     27 | 0000000000000000000000000 | 0     0      1    | 00000000000000000000000000000000 | 00000000000000000000000000000000 |  1 
   40 |     28 | 0000000000000000000000000 | 0     0      1    | 00000000000000000000000000000000 | 00000000000000000000000000000000 |  1 
   41 |     29 | 0000000000000000000000000 | 0     0      1    | 00000000000000000000000000000000 | 00000000000000000000000000000000 |  1 
   42 |     2A | 0000000000000000000000000 | 0     0      1    | 00000000000000000000000000000000 | 00000000000000000000000000000000 |  1 
   43 |     2B | 0000000000000000000000000 | 0     0      1    | 00000000000000000000000000000000 | 00000000000000000000000000000000 |  1 
   44 |     2C | 0000000000000000000000000 | 0     0      1    | 00000000000000000000000000000000 | 00000000000000000000000000000000 |  1 
   45 |     2D | 0000000000000000000000000 | 0     0      1    | 00000000000000000000000000000000 | 00000000000000000000000000000000 |  1 
   46 |     2E | 0000000000000000000000000 | 0     0      1    | 00000000000000000000000000000000 | 00000000000000000000000000000000 |  1 
   47 |     2F | 0000000000000000000000000 | 0     0      1    | 00000000000000000000000000000000 | 00000000000000000000000000000000 |  1 
   48 |     30 | 0000000000000000000000000 | 0     0      1    | 00000000000000000000000000000000 | 00000000000000000000000000000000 |  1 
   49 |     31 | 0000000000000000000000000 | 0     0      1    | 00000000000000000000000000000000 | 00000000000000000000000000000000 |  1 
   50 |     32 | 0000000000000000000000000 | 0     0      1    | 00000000000000000000000000000000 | 00000000000000000000000000000000 |  1 
   51 |     33 | 0000000000000000000000000 | 0     0      1    | 00000000000000000000000000000000 | 00000000000000000000000000000000 |  1 
   52 |     34 | 0000000000000000000000000 | 0     0      1    | 00000000000000000000000000000000 | 00000000000000000000000000000000 |  1 
   53 |     35 | 0000000000000000000000000 | 0     0      1    | 00000000000000000000000000000000 | 00000000000000000000000000000000 |  1 
   54 |     36 | 0000000000000000000000000 | 0     0      1    | 00000000000000000000000000000000 | 00000000000000000000000000000000 |  1 
   55 |     37 | 0000000000000000000000000 | 0     0      1    | 00000000000000000000000000000000 | 00000000000000000000000000000000 |  1 
   56 |     38 | 0000000000000000000000000 | 0     0      1    | 00000000000000000000000000000000 | 00000000000000000000000000000000 |  1 
   57 |     39 | 0000000000000000000000000 | 0     0      1    | 00000000000000000000000000000000 | 00000000000000000000000000000000 |  1 
   58 |     3A | 0000000000000000000000000 | 0     0      1    | 00000000000000000000000000000000 | 00000000000000000000000000000000 |  1 
   59 |     3B | 0000000000000000000000000 | 0     0      1    | 00000000000000000000000000000000 | 00000000000000000000000000000000 |  1 
   60 |     3C | 0000000000000000000000000 | 0     0      1    | 00000000000000000000000000000000 | 00000000000000000000000000000000 |  1 
   61 |     3D | 0000000000000000000000000 | 0     0      1    | 00000000000000000000000000000000 | 00000000000000000000000000000000 |  1 
   62 |     3E | 0000000000000000000000000 | 0     0      1    | 00000000000000000000000000000000 | 00000000000000000000000000000000 |  1 
   63 |     3F | 0000000000000000000000000 | 0     0      1    | 00000000000000000000000000000000 | 00000000000000000000000000000000 |  1 
